1003
1001
1001
1014
1025
1001
1006
1010
1004
1027
1001
1005
1003
1010
1020
1024
1008
1001
1001
1018
1018
1005
1018
1006
1013
1022
1001
1007
1011
1007
1002
1002
1002
1029
1005
1006
1006
1001
1001
1010
1008
1004
1003
1015
1004
1001
1003
1010
1025
1014
1001
1016
1008
1010
1016
1029
1018
1018
1024
1005
1004
1003
1008
1004
1010
1001
1001
1002
1009
1002
1021
1002
1029
1003
1005
1009
1010
1006
1004
1004
1003
1001
1001
1001
1003
1010
1019
1002
1002
1003
1001
1003
1027
1026
1005
1031
1003
1018
1024
1011
1005
1001
1018
1006
1010
1015
1002
1026
1010
1024
1003
1004
1008
1013
1008
1010
1003
1004
1027
1008
1001
1009
1001
1021
1002
1003
1006
1020
1002
1026
1008
1003
1023
1023
1008
1012
1005
1001
1006
1018
1006
1005
1005
1030
1003
1001
1009
1001
1003
1003
1003
1010
1003
1010
1001
1003
1031
1017
1003
1002
1025
1006
1030
1010
1010
1004
1013
1007
1024
1029
1001
1026
1010
1006
1003
1005
1017
1008
1001
1002
1004
1023
1012
1018
1021
1015
1010
1005
1017
1010
1029
1006
1004
1027
1029
1013
1002
1001
1002
1005
1016
1031
1012
1025
1003
1004
1004
1018
1010
1007
1004
1002
1002
1030
1010
1025
1004
1024
1008
1003
1008
1010
1008
1004
1002
1003
1001
1002
1009
1018
1005
1006
1005
1001
1007
1024
1001
1001
1001
1003
1006
1003
1023
1019
1031
1017
1003
1002
1020
1002
1002
1012
1012
1021
1002
1012
1007
1001
1001
1012
1012
1012
1012
1012
1012
1012
1012
1010
1002
1018
1002
1012
1010
1006
1009
1010
1004
1018
1031
1010
1005
1008
1003
1015
1029
1026
1005
1008
1009
1005
1002
1028
1028
1005
1005
1013
1030
1003
1006
1001
1010
1008
1002
1003
1003
1011
1001
1003
1028
1005
1024
1028
1027
1008
1005
1008
1001
1003
1023
1006
1011
1006
1010
1004
1001
1002
1012
1018
1005
1004
1020
1006
1010
1007
1002
1005
1003
1012
1005
1009
1001
1010
1010
1028
1025
1004
1007
1005
1028
1005
1004
1025
1026
1008
1006
1003
1001
1003
1012
1012
1010
1006
1002
1012
1016
1029
1025
1011
1026
1010
1003
1010
1010
1003
1002
1008
1008
1019
1004
1018
1005
1002
1002
1006
1001
1003
1026
1031
1003
1010
1004
1008
1001
1024
1001
1023
1028
1005
1014
1016
1018
1002
1014
1028
1005
1006
1002
1009
1018
1002
1004
1029
1014
1013
1003
1020
1010
1029
1017
1006
1005
1002
1002
1004
1014
1010
1003
1009
1007
1017
1002
1010
1004
1018
1026
1005
1010
1008
1005
1008
1008
1007
1002
1003
1015
1004
1011
1003
1006
1027
1010
1010
1010
1006
1002
1008
1006
1017
1002
1001
1001
1001
1001
1003
1014
1003
1005
1027
1003
1030
1026
1003
1005
1008
1030
1003
1029
1005
1010
1025
1004
1004
1003
1001
1024
1002
1001
1007
1001
1018
1018
1005
1002
1003
1015
1010
1030
1007
1010
1002
1006
1003
1010
1007
1012
1010
1004
1009
1020
1002
1004
1031
1003
1010
1019
1008
1002
1003
1023
1012
1012
1012
1013
1003
1012
1012
1006
1003
1031
1003
1002
1012
1012
1016
1009
@#$%
@#$%
1025
1006
@#$%
@#$%
@#$%
1010
1004
1006
1003
1016
1018
1006
1013
1025
1006
1002
1003
1006
1030
1027
1012
1029
1003
1002
1005
1015
1009
1009
1010
1008
1029
1029
1024
1022
1002
1006
1005
1002
1002
1024
1002
1002
1022
1031
1018
1003
1024
1004
1002
1002
1005
1001
1005
1001
1024
1001
1003
1003
1003
1022
1002
1013
1005
1006
1018
1002
1001
1026
1008
1023
1018
1006
1020
1002
1012
1009
1001
1024
1026
1010
1004
1008
1026
1008
1022
1025
1010
1004
1010
1002
1003
1008
1004
1011
1001
1002
1001
1001
1012
1010
1010
1010
1011
1003
1006
1002
1010
1008
1024
1030
1003
1015
1007
1007
1010
1007
1011
1022
1003
1004
1001
1002
1019
1010
1026
1010
1027
1008
1006
1008
1008
1002
1018
1006
1009
1006
1026
1010
1007
1029
1002
1017
1005
1010
1031
1003
1006
1024
1016
1008
1017
1001
1002
1024
1004
1013
1002
1002
1021
1002
1006
1010
1002
1012
1010
1003
1012
1004
1005
1001
1001
1011
1006
1009
1001
1001
1001
1003
1003
1025
1006
1020
1017
1008
1002
1028
1006
1005
1002
1001
1028
1005
1003
1002
1024
1010
1018
1005
1028
1006
1029
1006
1002
1005
1006
1005
1010
1021
1004
1017
1001
1002
1010
1028
1008
1015
1010
1005
1002
1010
1025
1004
1008
1009
1001
1018
1002
1003
1003
1028
1005
1003
1029
1003
1004
1001
1025
1004
1003
1023
1026
1008
1023
1023
1012
@#$%
@#$%
@#$%
1002
1024
1001
1027
1008
1023
1028
1005
@#$%
1030
1011
1003
1030
1003
1018
1006
1021
1002
1029
1013
1024
1005
1004
1006
1010
1018
1007
1019
1002
1031
1028
1003
1005
1002
1005
1003
1008
1003
1031
1003
1010
1002
1023
@#$%
1009
1010
1014
1030
1014
1004
1020
1003
1002
1004
1003
1001
@#$%
1002
1023
@#$%
@#$%
@#$%
1014
1010
1024
1027
1007
1005
1014
1001
1016
1002
1010
1010
1008
1004
1007
1003
1008
1001
1010
1021
1018
1006
1006
1026
1005
1007
1004
1016
1012
1008
1002
1009
1004
1001
1014
1029
1010
1031
1003
1010
1009
1004
1008
1003
1015
1005
1004
1026
1008
1026
1005
1010
1030
1010
1002
1004
1025
1002
1003
1010
1003
1008
1006
1010
1006
1006
1004
1012
1003
1005
1001
1001
1001
1024
1001
1007
1003