1029
1002
1003
1027
1024
1005
1010
1027
1025
1014
1013
1017
1004
1018
1006
1021
1008
1004
1004
1002
1002
1003
1006
1015
1029
1002
1009
1018
1002
1003
1003
1008
1017
1011
1011
1002
1020
1002
1002
1001
1017
1002
1001
1029
1026
1010
1007
1005
1026
1018
1018
1018
1018
1031
1018
1010
1018
1018
1003
1003
1008
1008
1018
1010
1011
1010
1005
1010
1004
1006
1018
1009
1005
1002
1030
1024
1003
1001
1006
1013
1018
1005
1006
1004
1004
1018
1005
1006
1001
1001
1016
1010
1018
1005
1002
1002
1020
1015
1027
1005
1010
1002
1007
1018
1002
1002
1018
1005
1010
1004
1009
1001
1001
1001
1003
1003
1023
1023
1010
1016
1004
1002
1018
1005
1023
1023
1023
1011
1006
@#$%
1005
1006
1010
1001
1003
1025
1004
1003
@#$%
@#$%
1018
1012
1005
1005
@#$%
@#$%
1029
1005
@#$%
1010
1007
1008
1001
@#$%
1008
1003
@#$%
@#$%
1012
1018
1018
1006
1024
1005
1006
1001
1003
1013
1026
1019
1008
1002
1009
1007
1025
1025
1006
1006
1031
1003
1010
1004
1018
1005
1002
1020
1008
1029
1002
1015
1010
1010
1030
1004
1008
1003
1002
1009
1006
1007
1004
1001
1003
1030
1004
1029
1018
1010
1005
1026
1007
1027
1010
1031
1004
1026
1003
1003
1018
1010
1003
1002
1011
1008
1018
1008
1008
1005
1002
1010
1028
1005
1018
1003
1005
1018
1010
1028
1006
1006
1009
1028
1005
1005
1002
1005
1030
1003
1016
1002
1001
1001
1010
1026
1003
1008
1001
1024
1004
1003
1018
1005
1028
1005
1010
1004
1031
1029
1008
1003
1028
1026
1005
1013
1025
1005
1017
1017
1010
1002
1004
1008
1020
1010
1002
1004
1002
1002
1002
1006
1018
1005
1006
1022
1002
1001
1024
1002
1022
1015
1002
1009
1003
1010
1006
1028
1005
1024
1001
1003
1019
1022
1002
1018
1006
1002
1003
1028
1010
1010
1006
1030
1018
1005
1012
1017
1024
1004
1017
1004
1004
1003
1022
1005
1001
1010
1006
1003
1014
1002
1002
1002
1027
1008
1003
1004
1014
1026
1014
1012
1025
1031
1003
1024
1008
1011
1018
1005
1009
1006
1024
1022
1011
1004
1001
1007
1028
1010
1029
1008
1005
1010
1015
1007
1002
1005
1002
1004
1004
1003
1005
1006
1001
1001
1001
1003
1003
1001
1001
1001
1003
1003
1023
1023
1023
1023